player_id,season,rating,jersey,position
200000,1975,90,93,PK
200001,1952,80,81,K
200002,1994,86,92,LS
200003,1951,93,33,LS
200004,1977,78,70,CB
200005,1942,90,99,P
200006,1957,66,30,EDGE
200007,1965,67,55,ILB
200008,1975,93,87,NT
200009,1974,68,57,FS
200010,1939,79,62,FS
200011,1988,96,82,SS
200012,1987,87,46,WR
200013,1955,79,76,QB
200014,1971,88,72,P
200015,1963,76,51,FS
200016,1978,83,48,DE
200017,1989,86,3,FB
200018,2020,67,19,DT
200019,2003,78,66,OLB
200020,2016,98,69,P
200021,1984,92,92,OG
200022,2011,64,58,DE
200023,1979,67,13,OLB
200024,1952,66,4,OT
200025,2000,83,61,C
200026,1992,69,18,RB
200027,1936,95,74,RB
200028,1990,91,23,WR
200029,1962,83,49,QB
200030,1938,74,77,K
200031,1961,86,87,LS
200032,1958,71,1,QB
200033,1950,89,7,C
200034,2013,68,90,CB
200035,1934,67,26,LS
200036,1959,93,14,ILB
200037,1934,77,74,QB
200038,1990,87,43,K
200039,1999,66,66,OLB
200040,2018,65,12,OT
200041,2019,88,18,EDGE
200042,2005,99,28,WR
200043,1976,92,2,OT
200044,2005,93,79,OLB
200045,1975,86,0,DE
200046,2001,76,10,OG
200047,1941,69,1,RB
200048,1981,71,17,FB
200049,1999,95,63,OT
200050,1948,67,72,PK
200051,2000,63,39,DT
200052,1977,83,76,PK
200053,1956,87,81,P
200054,1939,62,26,DT
200055,1955,87,82,WR
200056,2019,76,69,OG
200057,1961,91,73,TE
200058,1993,96,30,C
200059,1949,80,58,DT
200060,1990,72,86,OLB
200061,1973,81,29,WR
200062,1979,70,66,LS
200063,1936,86,28,P
200064,1969,96,18,ILB
200065,1980,96,22,LS
200066,1964,65,59,LB
200067,1963,86,39,FS
200068,1963,68,26,DE
200069,1982,66,55,LB
200070,2012,91,37,PK
200071,1965,99,54,FS
200072,1948,83,17,K
200073,1939,84,59,LS
200074,1965,85,58,PK
200075,1979,89,50,NT
200076,1991,85,82,FS
200077,1997,67,78,CB
200078,1987,83,73,K
200079,1962,81,53,PK
200080,1962,64,87,CB
200081,1970,97,78,RB
200082,1947,96,28,TE
200083,1958,92,0,NT
200084,2019,86,63,FS
200085,1954,85,0,QB
200086,1942,77,96,RB
200087,1963,66,3,P
200088,2014,95,5,DT
200089,1960,81,16,FB
200090,1994,84,78,CB
200091,1992,91,3,OG
200092,1979,75,87,DE
200093,2020,70,40,OLB
200094,1956,73,22,OLB
200095,1994,67,31,S
200096,1958,64,26,DE
200097,2009,69,40,RB
200098,1957,92,87,LB
200099,1997,87,54,LS
200100,1974,96,75,QB
200101,2019,82,20,LB
200102,2012,75,92,FB
200103,2006,85,52,P
200104,1967,68,28,NT
200105,1954,98,99,QB
200106,2020,73,23,DE
200107,1976,91,51,RB
200108,1994,82,99,PK
200109,1935,94,76,LS
200110,1970,72,79,FS
200111,1976,77,18,OG
200112,1971,60,29,WR
200113,1990,84,20,WR
200114,1966,63,82,PK
200115,1945,87,74,FS
200116,1985,73,78,P
200117,1970,91,55,RB
200118,1948,66,57,EDGE
200119,1987,88,71,DT
200120,1980,69,0,C
200121,1947,96,27,CB
200122,1982,92,22,FB
200123,1975,86,42,ILB
200124,1952,60,94,OT
200125,1968,61,79,DE
200126,2005,97,55,SS
200127,1988,64,95,EDGE
200128,1978,80,40,LS
200129,1999,89,21,LB
200130,2013,82,59,K
200131,2017,89,84,OLB
200132,1954,62,6,RB
200133,1961,65,2,OT
200134,1951,98,58,OG
200135,2002,64,76,LB
200136,1990,78,16,CB
200137,1988,78,6,DE
200138,2020,92,93,RB
200139,2019,69,5,CB
200140,1943,81,53,DE
200141,1952,68,3,OLB
200142,2019,81,83,LB
200143,1989,91,5,TE
200144,2002,88,97,OT
200145,1993,77,6,OLB
200146,1945,95,64,EDGE
200147,1978,74,87,S
200148,2014,64,89,QB
200149,1995,87,60,C
200150,1944,65,83,EDGE
200151,2008,65,77,CB
200152,2015,71,36,OLB
200153,1966,98,19,PK
200154,2019,87,39,K
200155,2013,95,89,DT
200156,1941,91,26,ILB
200157,1952,93,36,CB
200158,1945,86,44,K
200159,1952,67,43,ILB
200160,1942,74,29,SS
200161,1953,62,30,S
200162,2003,99,37,OLB
200163,1941,74,53,S
200164,1971,61,10,DE
200165,1972,83,50,OT
200166,2013,80,48,LB
200167,1976,82,3,P
200168,1974,94,77,DE
200169,1934,65,96,LS
200170,2017,84,94,OG
200171,1969,72,35,K
200172,1984,78,87,SS
200173,1955,63,32,CB
200174,2004,94,28,DE
200175,1962,75,55,C
200176,1984,97,42,OG
200177,2000,62,98,OLB
200178,2010,63,58,SS
200179,1952,82,46,K
200180,2014,96,75,WR
200181,1978,92,37,P
200182,1981,68,55,K
200183,1943,86,55,PK
200184,1983,72,37,K
200185,1993,98,98,OT
200186,1974,74,9,FS
200187,1934,99,36,TE
200188,2011,82,26,TE
200189,1956,75,14,LS
200190,1933,76,89,DT
200191,2008,71,63,LS
200192,1990,94,42,K
200193,2020,90,80,SS
200194,2014,86,66,SS
200195,2006,77,97,DE
200196,1980,60,44,NT
200197,2019,75,54,P
200198,2003,96,40,SS
200199,1969,99,5,DE
200200,1933,89,13,QB
200201,1983,91,60,LS
200202,2001,69,27,OT
200203,1974,91,83,EDGE
200204,2004,87,92,P
200205,1999,78,39,WR
200206,1996,72,57,FS
200207,1981,75,27,FS
200208,1982,99,54,FB
200209,1942,95,16,FS
200210,1945,62,45,CB
200211,2002,89,80,FS
200212,1954,93,5,NT
200213,1979,70,92,OT
200214,1941,68,0,SS
200215,1956,82,11,RB
200216,2016,86,55,CB
200217,1956,86,6,DE
200218,1970,68,47,EDGE
200219,2001,66,64,EDGE
200220,1980,95,56,OT
200221,1974,89,24,OT
200222,1981,65,64,LB
200223,2010,65,69,OT
200224,2010,68,16,FS
200225,2015,60,69,S
200226,2011,86,6,EDGE
200227,2021,88,37,CB
200228,1987,82,26,EDGE
200229,1978,68,4,LB
200230,2006,86,33,RB
200231,1961,71,61,CB
200232,1937,74,22,DE
200233,1965,77,29,TE
200234,1964,80,3,TE
200235,1952,84,81,ILB
200236,2002,93,78,FB
200237,1987,98,1,WR
200238,1996,63,70,TE
200239,1986,78,90,WR
200240,1978,68,61,RB
200241,1963,78,67,FS
200242,2000,75,16,DE
200243,1944,62,74,C
200244,2014,65,53,FS
200245,1952,96,35,OT
200246,1969,87,29,LB
200247,1967,60,13,PK
200248,1975,87,88,SS
200249,2015,83,46,FS
200250,1962,79,51,FB
200251,2019,77,97,FB
200252,1972,98,74,C
200253,2011,72,79,DE
200254,2021,64,76,P
200255,1937,92,28,NT
200256,1949,71,60,LS
200257,2001,97,15,NT
200258,1993,99,85,PK
200259,2009,82,19,TE
200260,2016,95,92,DT
200261,2009,75,78,OT
200262,1954,84,0,FB
200263,1960,76,57,CB
200264,1977,93,98,OG
200265,1979,74,1,LB
200266,2002,82,50,TE
200267,1993,78,12,DE
200268,1948,82,63,C
200269,1967,63,53,LB
200270,1945,71,85,OT
200271,2011,66,50,LB
200272,1936,95,84,S
200273,1991,87,69,QB
200274,1954,71,24,DT
200275,1933,62,65,K
200276,1991,97,15,LS
200277,2012,94,52,NT
200278,2012,75,61,LB
200279,1967,96,58,DT
200280,2001,94,77,PK
200281,1961,96,94,TE
200282,1987,65,17,FS
200283,1992,78,6,OG
200284,1977,66,26,SS
200285,2012,62,26,OT
200286,1968,82,38,FB
200287,1978,78,86,K
200288,1974,87,35,CB
200289,1936,88,35,EDGE
200290,2001,65,99,DT
200291,1981,81,50,NT
200292,1973,94,39,EDGE
200293,1998,66,91,OT
200294,2021,77,38,QB
200295,2014,70,38,CB
200296,1982,63,75,DE
200297,1987,60,9,OG
200298,2017,82,81,OG
200299,2004,74,68,S
200300,1997,94,99,QB
200301,1987,60,36,FS
200302,1979,84,37,TE
200303,1939,68,20,S
200304,1999,92,4,ILB
200305,1947,72,63,RB
200306,1972,65,70,EDGE
200307,1935,98,42,DT
200308,1967,69,74,FS
200309,1966,61,55,EDGE
200310,2007,91,47,DE
200311,1999,86,56,TE
200312,1937,81,92,SS
200313,2004,81,2,PK
200314,1982,70,90,C
200315,1985,97,71,LB
200316,2009,68,97,TE
200317,2013,65,89,SS
200318,2018,87,8,P
200319,1992,66,27,ILB
200320,1941,75,93,CB
200321,1958,74,37,LS
200322,1943,65,38,QB
200323,1961,61,8,OG
200324,1967,62,67,FB
200325,1974,89,50,OG
200326,1985,85,72,K
200327,1963,77,29,OLB
200328,1937,78,69,FB
200329,2000,99,85,C
200330,1976,70,6,QB
200331,1956,86,42,NT
200332,1996,77,51,ILB
200333,1962,82,28,OG
200334,1998,74,31,P
200335,2006,96,71,OLB
200336,1948,86,36,FB
200337,1987,97,67,DT
200338,1998,99,54,P
200339,1943,95,95,OT
200340,2012,63,52,LS
200341,1973,80,0,DT
200342,1933,95,12,FB
200343,2017,93,46,LB
200344,2016,65,4,QB
200345,1943,69,52,NT
200346,1979,75,5,WR
200347,1938,99,6,EDGE
200348,1945,81,60,FB
200349,2002,76,63,PK
200350,1951,98,75,RB
200351,1940,64,38,RB
200352,2016,80,87,K
200353,1950,60,60,NT
200354,1967,73,15,S
200355,1994,98,38,FS
200356,1961,64,26,PK
200357,2008,61,6,WR
200358,1989,97,40,LB
200359,2021,77,78,PK
200360,1947,74,73,LB
200361,1975,71,89,OT
200362,1961,90,95,ILB
200363,1991,71,37,ILB
200364,2006,70,28,SS
200365,1969,60,77,OLB
200366,1941,97,20,ILB
200367,1984,61,63,DE
200368,1965,67,20,SS
200369,1994,97,53,K
200370,1978,65,6,P
200371,1941,62,64,C
200372,2014,87,40,PK
200373,2007,98,45,OT
200374,1993,74,63,DE
200375,1949,98,4,RB
200376,1934,91,36,DE
200377,1964,71,86,ILB
200378,1955,99,4,S
200379,1968,70,84,DE
200380,1940,79,52,OLB
200381,1971,78,88,EDGE
200382,1988,60,14,EDGE
200383,1994,98,40,NT
200384,1941,60,18,K
200385,1982,77,18,CB
200386,1965,91,67,OG
200387,1967,81,78,FB
200388,2019,78,2,OLB
200389,1941,77,94,S
200390,1951,98,79,OT
200391,1946,66,99,PK
200392,2007,86,88,OT
200393,2000,89,6,SS
200394,1969,87,51,TE
200395,1986,66,82,FB
200396,1990,65,45,OT
200397,1957,96,74,DT
200398,1976,61,68,P
200399,1949,85,38,LS
200400,2007,65,70,RB
200401,1977,75,86,WR
200402,1971,72,32,S
200403,1994,60,21,FB
200404,1979,91,20,C
200405,1942,86,36,LB
200406,1933,87,53,RB
200407,1974,61,45,OLB
200408,1939,61,80,FB
200409,1992,77,42,FS
200410,1950,69,94,QB
200411,2014,78,74,S
200412,1954,63,27,ILB
200413,1982,82,1,P
200414,1995,61,70,OT
200415,1954,75,84,OG
200416,1996,88,88,DE
200417,1968,90,70,ILB
200418,1937,61,35,NT
200419,1968,72,87,LS
200420,1954,85,79,EDGE
200421,1998,72,4,NT
200422,1945,80,96,CB
200423,1938,62,86,NT
200424,1998,83,26,FB
200425,1949,79,63,C
200426,1966,72,39,OG
200427,2007,90,68,SS
200428,1963,81,76,NT
200429,1993,77,71,DT
200430,1946,70,64,DE
200431,2002,75,62,FB
200432,1990,90,21,C
200433,1976,64,67,K
200434,1966,88,81,C
200435,2021,84,83,CB
200436,2016,63,49,C
200437,2008,71,42,DE
200438,1961,98,62,WR
200439,2012,70,86,RB
200440,2007,67,74,DE
200441,1970,74,21,OLB
200442,1996,85,30,ILB
200443,1990,64,71,LS
200444,1980,70,61,ILB
200445,1961,79,78,LB
200446,1972,66,83,CB
200447,2018,83,14,OG
200448,1956,66,85,RB
200449,1980,84,43,FS
200450,1947,97,52,TE
200451,1968,75,39,LS
200452,1950,78,78,LS
200453,1937,92,66,LB
200454,1980,88,70,OLB
200455,1982,61,19,DT
200456,1950,62,47,TE
200457,2008,93,32,K
200458,2002,66,63,S
200459,1945,61,14,K
200460,1937,91,20,RB
200461,1936,66,98,OG
200462,1940,88,49,K
200463,1934,88,46,OLB
200464,2017,74,43,LS
200465,1962,88,10,DE
200466,1983,62,87,WR
200467,1987,93,57,LB
200468,1998,95,71,TE
200469,1989,69,75,FB
200470,1934,66,36,FB
200471,2015,88,2,OLB
200472,1956,72,29,CB
200473,1964,88,1,QB
200474,1969,68,74,K
200475,1954,65,93,RB
200476,1973,84,94,SS
200477,1951,60,41,QB
200478,1947,86,34,EDGE
200479,1981,87,13,LS
200480,2019,61,68,OLB
200481,1993,61,41,RB
200482,1943,82,66,SS
200483,1985,62,39,TE
200484,1983,99,92,WR
200485,1997,64,59,SS
200486,1947,97,84,EDGE
200487,1994,75,84,CB
200488,2003,83,58,CB
200489,1999,99,77,S
200490,1962,75,97,K
200491,1934,77,44,LS
200492,1995,87,60,DE
200493,2005,85,72,CB
200494,2001,61,61,LB
200495,2013,67,96,LB
200496,2008,61,68,LS
200497,1945,83,43,FB
200498,1933,67,97,FS
200499,2007,92,2,OG
200500,1947,61,79,PK
200501,2007,86,46,TE
200502,1993,89,6,LS
200503,1988,63,8,QB
200504,2003,96,15,ILB
200505,2019,70,46,TE
200506,2020,87,71,OG
200507,1955,92,61,LB
200508,1940,75,45,FB
200509,1964,66,2,CB
200510,2017,69,14,LS
200511,2006,80,67,FB
200512,1957,61,33,LB
200513,1997,60,53,EDGE
200514,2016,66,54,OLB
200515,1979,80,41,QB
200516,1975,96,53,RB
200517,2001,68,13,SS
200518,1979,70,80,PK
200519,1934,92,83,QB
200520,1993,90,15,TE
200521,1962,94,68,LB
200522,1974,84,15,P
200523,1965,72,20,S
200524,1940,81,34,CB
200525,1971,75,80,TE
200526,1952,83,15,DE
200527,1979,87,63,QB
200528,1940,90,50,C
200529,1988,65,61,FS
200530,1947,83,49,DE
200531,2001,70,84,RB
200532,1954,85,29,PK
200533,1941,82,13,DT
200534,2018,71,13,QB
200535,1993,93,36,OG
200536,2007,77,98,LS
200537,1983,99,58,RB
200538,1971,95,52,C
200539,1988,90,79,FB
200540,1976,73,50,RB
200541,1990,64,71,C
200542,1991,92,67,P
200543,1940,85,21,DT
200544,1998,87,81,FS
200545,2005,92,86,FB
200546,1995,79,84,FB
200547,1993,78,99,FB
200548,2009,75,45,C
200549,2010,70,32,EDGE
200550,2012,60,83,OLB
200551,1940,71,67,DE
200552,1943,97,95,ILB
200553,2003,93,60,OT
200554,2019,69,14,QB
200555,2009,66,59,QB
200556,1990,98,74,DE
200557,2011,74,12,OT
200558,2015,92,6,PK
200559,2010,94,33,FS
200560,2008,87,10,PK
200561,2015,75,14,QB
200562,2003,88,64,EDGE
200563,2013,84,21,DT
200564,2002,64,9,FB
200565,1972,74,60,PK
200566,1968,83,26,ILB
200567,2010,82,95,C
200568,1999,94,75,WR
200569,1953,90,69,RB
200570,1956,87,8,TE
200571,1959,94,83,WR
200572,2015,98,7,SS
200573,1936,78,14,OG
200574,1958,71,97,S
200575,1941,74,48,TE
200576,1971,86,90,SS
200577,1986,62,7,PK
200578,1939,92,70,CB
200579,2008,97,18,EDGE
200580,1976,87,71,WR
200581,1972,94,98,DE
200582,2005,97,3,OLB
200583,1984,71,92,LS
200584,1985,93,44,SS
200585,1960,80,78,QB
200586,1970,65,55,OT
200587,1982,99,62,DE
200588,2012,74,60,S
200589,2006,90,45,EDGE
200590,2004,81,96,DT
200591,1998,78,68,TE
200592,1997,90,88,DT
200593,1973,69,91,ILB
200594,1954,79,13,DE
200595,1961,76,43,K
200596,1973,95,49,S
200597,1973,70,89,QB
200598,2000,62,97,K
200599,1981,81,1,PK
200600,1966,90,4,LS
200601,1957,99,6,P
200602,1973,82,1,ILB
200603,1948,60,39,RB
200604,1957,82,53,OG
200605,1964,99,57,P
200606,1986,91,58,FS
200607,1977,80,15,LB
200608,2011,90,89,DE
200609,1979,64,50,WR
200610,1994,74,22,K
200611,2016,78,62,SS
200612,2021,77,45,EDGE
200613,2009,67,42,ILB
200614,1990,88,49,K
200615,2010,95,85,FS
200616,2015,85,16,SS
200617,1989,92,40,FS
200618,1994,64,83,FB
200619,1980,73,44,PK
200620,1984,83,32,CB
200621,2013,89,64,SS
200622,2006,70,98,FS
200623,1964,67,90,OT
200624,1974,96,91,DT
200625,1961,66,16,OG
200626,1969,67,79,CB
200627,2011,83,32,LS
200628,2014,80,89,QB
200629,2007,87,67,TE
200630,1987,99,50,DT
200631,1966,78,74,ILB
200632,1954,84,69,EDGE
200633,1970,91,64,PK
200634,1976,66,88,CB
200635,1966,75,2,S
200636,1949,62,95,ILB
200637,2018,95,50,LB
200638,1941,61,21,FS
200639,1980,77,29,PK
200640,1966,98,40,K
200641,1940,93,91,FB
200642,2020,79,81,EDGE
200643,1991,62,77,DE
200644,1950,86,33,SS
200645,2000,90,73,OG
200646,2011,69,91,K
200647,2002,93,90,SS
200648,1952,76,24,LS
200649,1953,90,50,SS
200650,1963,75,11,SS
200651,1964,66,0,OG
200652,2006,82,37,LS
200653,2002,79,2,FS
200654,1954,82,30,WR
200655,1985,77,16,QB
200656,1934,77,41,P
200657,1968,78,87,LB
200658,1965,84,82,NT
200659,2012,83,72,WR
200660,1978,84,95,S
200661,1986,64,90,ILB
200662,1944,90,21,P
200663,1978,76,16,P
200664,2020,83,66,OT
200665,1993,96,99,RB
200666,1983,99,35,ILB
200667,2013,62,77,WR
200668,1989,66,29,LB
200669,1935,92,17,OT
200670,1995,60,7,SS
200671,2012,95,11,QB
200672,1936,96,72,OT
200673,1982,83,31,CB
200674,1987,63,94,K
200675,1935,70,89,C
200676,1948,91,46,WR
200677,1943,72,89,QB
200678,2007,67,6,C
200679,1963,66,45,EDGE
200680,1967,97,13,S
200681,1937,68,94,P
200682,1937,92,45,CB
200683,1996,86,10,OG
200684,1946,84,65,QB
200685,1980,87,14,RB
200686,1967,75,1,P
200687,1982,78,2,TE
200688,1991,69,65,OG
200689,1954,74,25,OLB
200690,2012,82,25,LB
200691,1944,64,1,CB
200692,1991,75,44,OG
200693,1991,76,57,LB
200694,1966,88,90,DE
200695,1985,79,44,NT
200696,2020,76,54,WR
200697,1999,63,42,ILB
200698,2016,88,73,LS
200699,2016,62,33,K
200700,1979,68,31,OLB
200701,1966,79,45,FB
200702,1936,77,7,DE
200703,1951,61,46,ILB
200704,1985,78,95,RB
200705,1959,90,95,EDGE
200706,1984,87,89,OG
200707,1980,60,41,RB
200708,2011,74,11,OT
200709,1987,80,96,PK
200710,2007,77,53,LS
200711,1995,87,87,FS
200712,1976,91,8,ILB
200713,1997,99,51,P
200714,1958,76,39,SS
200715,2009,85,44,LS
200716,1975,79,60,NT
200717,1983,92,59,EDGE
200718,1944,76,68,LB
200719,1954,86,75,FB
200720,2012,93,88,S
200721,1935,90,88,FS
200722,1961,91,99,NT
200723,1973,77,56,WR
200724,1954,60,48,EDGE
200725,1969,97,29,ILB
200726,1934,79,71,FS
200727,2005,98,52,OG
200728,2016,83,6,K
200729,2000,65,51,C
200730,1953,76,1,FS
200731,1956,77,49,RB
200732,2013,80,7,FB
200733,1993,61,57,OG
200734,1991,73,0,LB
200735,1981,94,63,LS
200736,1963,64,2,LB
200737,1969,76,8,CB
200738,1974,73,8,C
200739,1989,72,25,ILB
200740,1998,96,69,LS
200741,2003,84,91,RB
200742,1960,74,43,K
200743,1997,89,26,OLB
200744,2008,64,17,K
200745,1993,71,15,OLB
200746,1961,89,27,EDGE
200747,2006,87,14,LS
200748,1984,84,70,NT
200749,1975,99,79,SS
200750,1974,66,82,OG
200751,1974,96,79,C
200752,2003,98,56,C
200753,1983,90,52,DE
200754,1953,80,6,OT
200755,1971,60,95,LS
200756,1947,71,98,LB
200757,2020,60,33,DT
200758,1997,90,38,NT
200759,1938,89,56,DE
200760,2012,69,62,WR
200761,1933,96,64,WR
200762,1955,78,54,OT
200763,1971,68,56,TE
200764,1976,87,20,DT
200765,2002,60,78,LB
200766,2000,65,65,LB
200767,2006,93,39,FB
200768,1963,61,13,DE
200769,1959,84,78,EDGE
200770,1981,89,31,PK
200771,1994,93,33,ILB
200772,1939,90,16,SS
200773,1972,66,66,DE
200774,2020,66,30,SS
200775,1985,76,31,RB
200776,2009,99,34,DE
200777,1990,99,54,C
200778,1962,93,17,TE
200779,1934,68,54,OLB
200780,2005,66,71,K
200781,1951,60,40,SS
200782,1964,79,63,C
200783,1969,96,2,LS
200784,1950,61,81,LB
200785,2019,90,82,C
200786,2001,78,0,P
200787,1981,78,92,LB
200788,2016,60,6,PK
200789,1981,96,76,OT
200790,2021,94,31,FS
200791,2016,74,98,ILB
200792,2014,86,62,TE
200793,2004,73,2,DT
200794,1994,92,61,S
200795,1970,78,17,QB
200796,1973,77,86,OG
200797,1961,81,47,C
200798,1975,78,0,NT
200799,1973,90,39,SS
200800,1991,69,79,QB
200801,1991,74,34,P
200802,1995,85,2,DT
200803,2014,95,92,TE
200804,1974,92,61,FB
200805,1996,69,48,SS
200806,1948,64,4,LB
200807,1975,85,81,SS
200808,1948,87,55,QB
200809,2009,96,53,OLB
200810,1952,72,34,TE
200811,1939,92,33,NT
200812,1962,96,10,ILB
200813,1937,63,64,FB
200814,1950,73,56,CB
200815,1986,68,33,P
200816,1962,85,65,FS
200817,1941,89,71,LB
200818,1964,94,41,DT
200819,1995,74,30,OT
200820,2020,75,91,K
200821,2007,70,70,PK
200822,1966,63,81,RB
200823,1994,89,43,FS
200824,1963,70,12,DT
200825,1973,83,64,NT
200826,1960,95,81,WR
200827,2002,60,3,OG
200828,1955,69,11,ILB
200829,2016,93,0,DE
200830,2003,67,71,LB
200831,1948,65,80,FB
200832,2016,90,19,EDGE
200833,1963,81,63,FS
200834,1982,65,68,C
200835,1974,71,10,S
200836,2019,61,76,RB
200837,1943,85,12,CB
200838,2007,88,29,OT
200839,2007,74,17,DT
200840,2015,82,54,P
200841,1963,83,28,WR
200842,1946,76,68,QB
200843,2009,94,32,SS
200844,1977,97,77,OT
200845,1942,94,17,P
200846,1975,65,84,P
200847,1947,83,72,K
200848,2006,73,28,RB
200849,1946,84,96,WR
200850,1960,90,60,S
200851,1935,80,60,S
200852,2011,75,63,S
200853,1982,64,56,DE
200854,2006,82,65,DE
200855,1952,62,45,DE
200856,2010,88,24,TE
200857,1964,92,5,NT
200858,1988,85,10,NT
200859,1968,82,43,TE
200860,1965,74,97,EDGE
200861,1940,93,91,OLB
200862,1980,96,53,EDGE
200863,2014,60,39,C
200864,1981,64,61,OLB
200865,1962,78,79,C
200866,2020,90,82,K
200867,1952,75,82,OLB
200868,1995,69,57,EDGE
200869,2020,69,31,LS
200870,1968,84,2,OG
200871,1977,74,24,EDGE
200872,1944,66,53,QB
200873,1939,73,36,WR
200874,1939,94,44,QB
200875,1952,75,94,QB
200876,1963,75,39,DE
200877,2008,79,99,K
200878,1979,95,36,WR
200879,2001,83,12,DE
200880,1966,95,9,DE
200881,1972,72,37,EDGE
200882,1939,83,6,TE
200883,1962,63,65,WR
200884,1949,63,17,NT
200885,1989,69,59,CB
200886,1990,69,58,C
200887,1979,69,79,QB
200888,1993,82,85,P
200889,1973,70,46,ILB
200890,1945,74,34,K
200891,1947,95,37,DE
200892,2010,71,41,QB
200893,2006,84,70,K
200894,2004,97,98,RB
200895,1971,86,42,QB
200896,2021,67,49,SS
200897,2000,93,33,CB
200898,1949,87,45,SS
200899,2020,84,55,NT
200900,1935,93,63,K
200901,2015,80,36,DT
200902,1974,77,74,DT
200903,1939,78,15,LB
200904,1964,68,78,C
200905,2014,64,60,OT
200906,1976,79,55,FB
200907,1995,67,48,ILB
200908,1983,83,30,ILB
200909,1947,80,28,NT
200910,1984,93,55,FS
200911,1936,85,89,RB
200912,1939,71,95,PK
200913,1994,92,51,LS
200914,1944,60,3,LS
200915,1940,93,65,EDGE
200916,1964,60,67,LS
200917,2015,71,50,OLB
200918,1998,93,98,C
200919,1998,83,5,OG
200920,2008,98,72,CB
200921,1948,97,26,CB
200922,1972,68,75,CB
200923,1997,73,29,P
200924,2016,81,81,CB
200925,2001,66,12,DE
200926,1980,91,63,NT
200927,1947,61,47,LS
200928,2013,71,7,FB
200929,2005,68,49,C
200930,2011,77,57,S
200931,1975,81,51,OLB
200932,2017,82,35,LB
200933,1937,79,48,OLB
200934,2007,79,54,OG
200935,2020,93,76,FB
200936,1962,66,61,NT
200937,1954,78,77,K
200938,1950,98,69,SS
200939,1976,95,20,NT
200940,2019,80,52,OT
200941,1945,74,8,FS
200942,1941,84,82,DT
200943,1988,67,31,LB
200944,1953,72,75,SS
200945,1978,67,46,LS
200946,2006,73,80,LB
200947,1949,65,89,RB
200948,2021,80,72,FS
200949,2001,86,20,LS
200950,1955,82,49,LS
200951,1948,85,78,FB
200952,1944,87,23,DT
200953,2004,70,26,OG
200954,2007,91,97,S
200955,1943,75,55,SS
200956,1934,97,22,LS
200957,1964,75,66,TE
200958,1944,73,16,LB
200959,1967,65,58,CB
200960,1999,77,30,OLB
200961,1964,63,69,DE
200962,1960,71,71,EDGE
200963,1974,80,69,FB
200964,1951,79,57,ILB
200965,1933,62,85,S
200966,2015,62,1,DE
200967,1987,78,97,CB
200968,2001,99,9,OLB
200969,2018,75,71,P
200970,1988,87,69,TE
200971,1987,83,6,S
200972,1999,78,12,LS
200973,1943,89,62,FS
200974,2000,80,77,TE
200975,1942,99,61,FS
200976,2004,78,2,RB
200977,2011,77,38,QB
200978,1943,61,85,OT
200979,1976,70,77,P
200980,2006,94,6,WR
200981,1999,72,99,NT
200982,2003,69,28,SS
200983,1983,71,60,LB
200984,1951,80,32,OT
200985,1967,80,83,ILB
200986,1971,87,4,PK
200987,2017,86,28,WR
200988,1998,75,97,NT
200989,1977,92,11,QB
200990,1979,75,94,ILB
200991,1974,82,59,PK
200992,1951,74,29,EDGE
200993,1974,83,82,OG
200994,2008,98,46,PK
200995,1998,60,73,S
200996,1951,96,96,FB
200997,1964,86,18,FS
200998,1959,94,64,FS
200999,1939,75,74,P
